Unnamed: 0,total,lost_coverage_lines,improve_coverage_lines
statements,0.0,0.0,0.0
missing,0.0,0.0,0.0
missing,-4.0,0.0,-4.0
missing,-3.0,0.0,-3.0
statements,0.0,0.0,0.0
statements,0.0,0.0,0.0
missing,0.0,0.0,0.0
missing,-1.0,0.0,-1.0
missing,0.0,0.0,0.0
statements,0.0,0.0,0.0
missing,-120.0,0.0,-120.0
statements,0.0,0.0,0.0
statements,0.0,0.0,0.0
statements,0.0,0.0,0.0
